id,name,model_id:id,group_id:id,perm_read,perm_write,perm_create,perm_unlink
access_chatbot_config,access_chatbot_config,model_chatbot_config,base.group_user,1,1,1,1
access_mail_channel,access_mail_channel,model_mail_channel,base.group_user,1,1,1,1